area	:	2.985016e-01	3.530120e-01	3.019441e-01
food	:	2.464511e-01	2.638554e-01	2.430134e-01
price range	:	3.174290e-01	3.301205e-01	3.226002e-01
